1.0
0.79575075417598
0.5484309964618457
0.2976986255213881
0.16380314650328964
0.1659209283603552
0.15327541890780708
0.1549112607997263
0.15365200141330515
0.14485982307053527
0.13197342898068165
0.1353376621554655
0.1255327400174113
0.10916064047665305
0.08531354031745146
0.08378734642105291
0.07199640570965414
0.054769557625639766
0.057491756560019085
0.0596921001027786
0.04425227169705251
0.050410915372892696
0.05438722435665447
0.05071522043424992
0.045023224744195865
0.04120749889889478
0.04943909633923572
0.07047798549617765
0.07237774141032616
0.09997596197732848
0.09062906063791373
0.12381993003690667
0.12691086151547012
0.09528812346212157
0.09885839607524531
0.11643287907371076
0.11380771105232051
0.12277075406950137
0.11590737252894286
0.11681865332723848
0.10535554718566263
0.12827890602628603
0.14882659818906757
0.17630578503431565
0.17746907494108805
0.16897430317081466
0.15442982282761217
0.17837682471466035
0.18508028823148862
0.16513689439028237
0.161188431360033
0.187963825723042
0.1918842733609866
0.1727946023599763
0.1871802534684864
0.21294198723549196
0.2042540659101472
0.18638160795789502
0.21923463514720734
0.2332433882025411
0.211283864651086
0.17783922594277735
0.15588786929414594
0.17545419272841586
0.14449522402190004
0.13677184259473643
0.16941214089864035
0.1727735041735436
0.14428310621601675
0.15973403826946225
0.18839390139622533
0.18119167209826387
0.16349265615987252
0.18966817613632955
0.21390175577519582
0.19337031801810606
0.18700350972332588
0.21844120344559453
0.22502288284675043
0.2576572201125973
0.2550785083629614
0.22972449808324477
0.24861912933313562
0.27792745283552905
0.2549043743985472
0.2462353565413211
0.2832617239406882
0.3014668667537125
0.3376369404339243
0.34014805101064505
0.3062674860143121
0.2759386371818775
0.24655336731604705
0.2519352303234301
0.23156745491393219
0.24072904317394508
0.27455460125962877
0.26798009369657305
0.29357498003974536
0.2727821165594563
0.2384365920325241
0.2587525232939933
0.27158782705747775
0.23382412091493948
0.22169712388278637
0.2504477990491093
0.24342801128247696
0.2020516756283836
0.2089079289588653
0.23463959854028696
0.2202240172780677
0.18320955793817822
0.1647724149392508
0.19816395386238428
0.20015840034331642
0.23134352142682466
0.2518788583952066
0.24448846692965326
0.26035515952649396
0.29367195169759786
0.30388975717482514
0.29523725369649095
0.31294967615189695
0.3123193362621926
0.2702010576446139
0.24650134025586978
0.21607859804029098
0.18803031247002372
0.20022668909061872
0.19907287728475187
0.1625480189631882
0.1529283940589784
0.17320854891685677
0.1548181667244346
0.12126323563663109
0.1341487556796743
0.14445503428294676
0.11676402749938616
0.1033130978547137
0.12695867926754723
0.12090784752344792
0.19624436199687426
0.31807504792531055
0.22095754455604072
0.09095914544647683
0.07229210366668881
0.049847163945945516
0.03422906711692991
0.035294194917464244
0.02285587159653197
0.031197634007133802
0.045311792953886626
0.05446857590475635
0.0692845893057657
0.08472217129921776
0.08382806056847412
0.06123967538972794
0.05813240660052344
0.07040909525896338
0.05628015808181661
0.040990489366949684
0.04468402597579342
0.05628295082823163
0.043827450963134666
0.022476350797368667
0.02005227111018339
0.030085857194428536
0.01891952331564243
0.014018252585668751
0.022867477771825736
0.02991982549377045
0.019275274020540283
0.020699345588282153
0.027336793165948975
0.023974455884966193
0.012491511510961235
0.01892835331401015
0.024951100145104915
0.01784772870597235
0.013641164503972975
0.01570354445216882
0.020489580246508887
0.01656111371087725
0.021299286399498154
0.0219192165524798
0.019701112023270212
0.019361899269053774
0.01995749022218519
0.023898915511711197
0.020769938128634806
0.023499146724500403
0.02201582434630976
0.022392883722429903
0.019956624783222687
0.021701636405663964
0.027712795304074632
0.0260229663318373
0.029941792527927124
0.030476946162163163
0.029249124499867295
0.029893471665333304
0.02544731402787975
0.02084625620254489
0.03241463535158436
0.03159981381377951
0.03267361128039863
0.04014538922688299
0.03909231751213229
0.040634934162187004
0.0357155233381607
0.04386531186646002
0.052508559185608955
0.05514976291638889
0.06699725676402335
0.07829657085477554
0.0944041833410664
0.10683377493544138
0.12607917153011008
0.1351270858222036
0.13832092438643312
0.12360907424405349
0.13234652883506384
0.11623271765372983
0.1193093458072709
0.13969203133524938
0.13470292086203545
0.11953593053547142
0.13196140927687974
0.14936463782295878
0.1348976394564021
0.12549788762587488
0.1489652084677533
0.15152615466425567
0.13266195677737977
0.13715264602617286
0.15418415155171153
0.1602960810715488
0.13633399568847782
0.13866222138325004
0.11714075835172996
0.10639433655128686
0.12169473789584266
0.11094571718882633
0.09284237630884362
0.09519722949441103
0.10416633523133517
0.08333054623787904
0.09491702274989991
0.1141921175897567
0.1175519307254082
0.13000169634772177
0.14828318111850877
0.14834631646931465
0.14672927387170584
0.1665863479412175
0.175477801018027
0.1718686866277951
0.18449901806502356
0.20271943746267926
0.19692029442520567
0.1947896799300739
0.20799838341872212
0.22147397674900673
0.20597826625288376
0.1909908795657237
0.2052435469813947
0.19522208367986887
0.21260044064557135
0.20654539813529915
0.1831045045778282
0.18608317182651715
0.2000653461180837
0.18295281931827448
0.16920575035983648
0.1799508702679063
0.17824103348141723
0.15862435973562128
0.2148433784587704
0.3092245768782015
0.9295391536967778
0.7148488359234962
0.47734764020976345
0.21694515409251236
0.20523086829889303
0.16178332940674903
0.03178336346482568
0.0313342846965756
0.03609392476345858
0.052714532304868306
0.05544767100728779
0.031838367658321834
0.03572315395173385
0.04890370788488457
0.04588461427980242
0.030779725208421177
0.03432549835819749
0.04646450863162458
0.06171727773931626
0.07202249314863578
0.0748763633923991
0.0941941203376162
0.10451972719597515
0.10701421065874035
0.09532482248612086
0.10513338865498237
0.09547615001096058
0.10346751761830812
0.12208733745468917
0.11879193671597224
0.11563480287460676
0.13131835494813246
0.14827350864169503
0.15968650153078207
0.1479542778405585
0.14689575326594556
0.1685163512564389
0.17234796064380967
0.1735483115595927
0.15780334435354654
0.15293737742484884
0.14427753638805688
0.13279803463473494
0.12064186957677799
0.11698504909598505
0.11271986633904725
0.09835070794900931
0.09123159863723045
0.0869473564147219
0.079330814894982
0.06430269990178661
0.06436813748247518
0.05533383454148561
0.04801154740777572
0.04036921591564497
0.03961433289593248
0.03930120720377771
0.029047517449385527
0.02520278329957983
0.024878914850837052
0.022759625911756145
0.02856234524627191
0.029912157864064527
0.03286792282340634
0.04068045678548964
0.04736836971216289
0.06692751997398914
0.06325983571499771
0.047083402508090226
0.0576466315588599
0.07469952968968181
0.06532852042927866
0.05915319240392302
0.07483501763899325
0.08616586136255004
0.1031768686453319
0.11756926061157927
0.10836128338793649
0.09797494336645308
0.1167162310518342
0.12463455129631269
0.11074471896529611
0.11960515877052189
0.11706552785349425
0.09581733336076546
0.09364720364959017
0.10292431613072166
0.08867742940121316
0.07282639390942355
0.0721246649710652
0.08094343413415801
0.06317421330024475
0.0532185649475376
0.06222978972309926
0.05641872210969026
0.03384079903219775
0.04377894797596697
0.03976960822840052
0.031306739581182165
0.03057955442201338
0.014758528930107184
0.027019468894168785
0.03178210901838768
0.03227229247772807
0.035137703217925115
0.036602703069929604
0.04079898924311231
0.034620664877822165
0.03747494734139908
0.041835095063964614
0.039878707724131324
0.04559853810526423
0.045852857357214276
0.05346578911997583
0.04886766710438966
0.04264252086609176
0.03515883329603813
0.02917298637277351
0.025015770086043023
0.021314586733615443
0.01071220967106676
0.01729980429608553
0.010855708826661025
0.01695995269006355
0.013668193457566652
0.011160302941645111
0.022099504686446184
0.016023885405481334
0.02122989265029521
0.019699448870833823
0.02860893853193331
0.032041820467239406
0.036986222718066564
0.031736521594527195
0.03024853270372287
0.04762498837405714
0.03655332740340773
0.04209738596719439
0.033222042343560444
0.02785955517460059
0.023354726953295966
0.023943198766774584
0.023852675906088458
0.0267103243377482
0.024639448729103765
0.04288774245587075
0.052206287788414664
0.051526141255286755
0.03519529001070415
0.022562613322048484
0.018487291032116573
0.02798208463765825
0.030151867677741136
0.04158454354912241
0.0595784475906312
0.08173436590788108
0.09798264351576827
0.11815764826779832
0.12963440075282215
0.1231310764407562
0.1133977766236378
0.08834459840118002
0.07050367183434908
0.054077098848348354
0.05247371129114058
0.02822439887348589
0.021705104000500082
0.03564262545134801
0.02459015138348392
0.017629960713955017
0.01064662946328951
0.004065043127147023
0.01627995311660644
0.007807555527870505
0.015121308223792313
0.016875264693940583
0.017107481972409518
0.01827280486979488
0.012138448029668313
0.01916589688453677
0.02034669400327018
0.022170959491022484
0.0280387094275587
0.028957834498679436
0.03580416244570025
0.04944761412420381
0.047040179261839725
0.05440755197544387
0.04351981937224451
0.04522079568190249
0.03870418139616105
0.03943616524861912
0.04110508118831814
0.02971872308993289
0.041530914592593206
0.040600512064426046
0.0529274299319991
0.05340319559534147
0.07138487656436364
0.0648274306809403
0.07263192931937279
0.09287742621051581
0.09432709798628491
0.09248442400457738
0.07200790742216696
0.05554291540550588
0.05197448831945411
0.040580783475311244
0.031519564762638695
0.029107988281990693
0.02641334948003238
0.016653866876860934
0.012556921854012554
0.009948249205022772
0.009583619424086318
0.006254303752929771
0.006254070916476523
0.01045078246744285
0.007068501224089695
0.016651533340794392
0.014579206622366524
0.017792388772554724
0.028344044250897038
0.027126384339248064
0.03092970239118717
0.03977053113203833
0.058971134113061215
0.05825737149965257
0.05921814679368351
0.07750128957145579
0.08466736705167167
0.084294814581945
0.08523588330856768
0.07293172199656572
0.06697946341876836
0.07022191116550412
0.06082905910657262
0.06628288476921446
0.07306776166694892
0.05615498012464482
0.05198440902777906
0.04231095629712336
0.0231436427108142
0.022004835553810838
0.0026635402157242144
0.019598736349033547
0.02093846646032879
0.015729309325701452
0.013554005451224715
0.023996578710352476
0.021924128078805442
0.012750036623810041
0.01670915357226594
0.027988547328989078
0.017390345339128158
0.011888639969969328
0.02214318866717693
0.026026256410000847
0.012174900358352026
0.017338784871552933
0.02760526387259762
0.023276105468586047
0.016008022852350482
0.02490035571301018
0.033228942431926575
0.02337022502989084
0.026002402576126918
0.03298892098152223
0.034358267226680776
0.024282712018003
0.02865312938117824
0.04401059136208711
0.033534229221349215
0.02732209607296231
0.03845032862244236
0.04646355436124053
0.03442804440246231
0.035982516066153346
0.04948766023787546
0.045696276497244274
0.035300630337445266
0.04158051853871422
0.05301008082268828
0.04254230572586742
0.03685545958199925
0.04831147633867019
0.0501524999507726
0.04010148285265603
0.045292185772123794
0.056867124545912716
0.04902398618495577
0.043058866962423184
0.050812375710397394
0.05803334035670976
0.04856732948714649
0.048456522413006776
0.058904882382343815
0.060509711454242346
0.04990488341191109
0.055276936994162945
0.05868032774387723
0.05234062295138646
0.054470389160933795
0.062226248333766936
0.0601490807983609
0.06463681587823715
0.07300752540628193
0.08650844348836526
0.10011167715064755
0.1072192286753111
0.10742662233981994
0.08754681697991627
0.08700445651394183
0.09953924706820141
0.08825823785515212
0.07224290170908436
0.07998867876805446
0.08622153996619025
0.0748903559843225
0.06692764552034111
0.07895657396779593
0.07611995574078988
0.06100078708191534
0.05830496486584704
0.06887729846193309
0.06289216690412905
0.047004250426073056
0.056316050730379666
0.059707579743562736
0.04869593043878389
0.038738290870237446
0.048903838027831215
0.04455918861813533
0.026342520304084384
0.034212087182780106
0.037632349869248606
0.030164604908144974
0.015398967752252692
0.02813411999388667
0.02828832699843914
0.02001588924964126
0.01689614987441916
0.021129610404119245
0.017376084010962873
0.014817967931171372
0.013793008130886153
0.01509050391033474
0.012959070311929995
0.006703983540135554
0.008752736487412734
0.007062672908057264
0.0070620668635579765
0.0033219162985230455
0.009279455642164744
0.008200264965132834
0.012855111467074487
0.011800371875516179
0.017012699626031066
0.026018223765662974
0.04066675462409192
0.02097366291321669
0.01994052987283232
0.02846720136199238
0.0275347905528225
0.014408344286696935
0.014802081449134037
0.029252895607010294
0.013457014258842746
0.013128101267868833
0.009863156889781479
0.01272119820343798
0.008969334327407803
0.009663525321748308
0.01832514015155153
0.002876394444027538
0.007246216924306008
0.0038641293642845587
0.00586735706147798
0.004844214798264481
0.009596935800906474
0.005422393838604561
0.011355878772863537
0.019408663373421158
0.02857489740336566
0.03789201187425822
0.05312618893465808
0.04470944750870602
0.0330935116714178
0.026557398051132185
0.0427751361944425
0.033379877832813085
0.02789211109537613
0.039164545606518116
0.03648363807652626
0.02077737344871754
0.02059152972955011
0.012100673139592467
0.003256250858278493
0.011859273200512539
0.019393556106551517
0.029723754493739804
0.03850778740515777
0.045476404260384885
0.06696822927891634
0.06904871398469023
0.05417012501056091
0.04584036327846681
0.04280319399790774
0.047383928039903496
0.03317164899389342
0.028742312503010525
0.041377780093001255
0.03395140629980765
0.029146139111156596
0.02718470129302136
0.03796038018405222
0.026596112024510784
0.03066861524462169
0.028694712607148672
0.03141027690310684
0.033870480720214285
0.040685817298950704
0.04185785498761848
0.028906291246338613
0.018944537720260946
0.018337603364495893
0.02265222453622742
0.023945152472680954
0.03029371938580144
0.04515178952609438
0.058878391485757346
0.07076316484805323
0.0862502751663404
0.07852944970678699
0.05808476995182777
0.04573601883293128
0.036549729328031764
0.026246995407456133
0.023904119472904845
0.01689061432499467
0.02746770737424072
0.0389503266685484
0.043047428873684394
0.06363443293880874
0.05509079934845166
0.04065063188268098
0.03544482022007247
0.04024173315428577
0.02698878561551838
0.02969071701515231
0.02645706893848073
0.03215110421723768
0.037406874996804604
0.03912188777431998
0.05468259598304286
0.04604633055034962
0.03731336222865228
0.0340267230941731
0.023596437335952694
0.017906273467838265
0.017957699837314458
0.011558059899271788
0.016927872851941653
0.002980395768612453
0.012623241263595819
0.01972053181209877
0.017514294929931607
0.013850900184431327
0.014913791239835657
0.012070021653920527
0.01417302230316402
0.009786373920902735
0.0171577997186756
0.025671524838727033
0.03982512942649535
0.045805234421599596
0.057042125330139325
0.052314753777344354
0.05774086172359979
0.07304384160505725
0.07469082664969533
0.08271340193296839
0.061668712416143655
0.04815402719670739
0.05320338310620671
0.047078666303428184
0.034542906452805854
0.03410850186600194
0.042837562428840216
0.03131440979076493
0.009096483171338873
0.01580666004298974
0.0
0.013965984417993155
0.024413772273622496
0.03841174569432262
0.05411071246489118
0.07297519840799498
0.08564460149459009
0.10714739234476425
0.12106968792419538
0.14313701613336505
0.1597922245023442
0.15486338142876319
0.13489391007895724
0.13810405497128903
0.11779682470181503
0.10224350846562433
0.10219700623268632
0.08329412434902624
0.07236259353081011
0.061777057512744676
0.055505302320378196
0.06074511765276318
0.044504156835796
0.0606873063936385
0.04806119394572059
0.044031927946623584
0.05033604795275775
0.03608994904329111
0.020072443319395585
0.021440471694210685
0.034573361182487515
0.0326413486094884
0.023239080267520123
0.04821006929978745
0.059103533977902814
0.04933819228166798
0.049981418190459335
0.0662774873202747
0.06832952314059171
0.07809679695944237
0.07016184186113139
0.08618346704500583
0.10059459897590826
0.11282110694607869
0.11946455870119985
0.10406624138767508
0.09222773336549632
0.07461420504290653
0.06033707115806577
0.0463992140389615
0.04124541838591939
0.020297986265276673
0.006937281613278484
0.018385624509141288
0.027448608507773472
0.025943117626198133
0.01954989833296973
0.040356139379100715
0.05512759289997096
0.05163498870909356
0.05778983886013275
0.07684999678243823
0.09151651219107684
0.09947197227984463
0.11820857078393629
0.10812266434592244
0.0938718277909789
0.10791109354698977
0.11548683476327903
0.10295915390109234
0.09720017052672723
0.12134959068155646
0.1163407002875672
0.10149853040298601
0.11125456007196985
0.13235399376659668
0.11411208674928558
0.10990553623904332
0.12922475678327383
0.14264425903308778
0.15642936576728317
0.17291952446402362
0.15909362616627679
0.14891982258811517
0.16252778467577786
0.16099586832915078
0.14284744415195158
0.1522831593529975
0.13259752285770177
0.11238714113379657
0.09228859423019309
0.07548310167279329
0.05330250979750118
0.04893338340184814
0.036565121896234364
0.02686548427407129
0.028982866945361164
0.033254089911369654
0.024221597291698163
0.029079957178431703
0.012974976602118665
0.02024243450104268
0.006519931177652409
0.011002942477004826
0.016318898000141836
0.008198667178124818
0.019997108853917065
0.0261999128052434
0.02035825074680075
0.02985220376698818
0.04569806228422878
0.045518954198931816
0.05290672691076445
0.046323296825889766
0.06709711561126296
0.05514558248594662
0.04978296652997882
0.06201583352049948
0.06655587205658307
0.04830142657409199
0.049129533708634855
0.07136561671855271
0.0661012312667201
0.07369967553598432
0.0872741433375315
0.0860172214524185
0.10040273598684285
0.11266746154550905
0.10372038009083111
0.12500289153821298
0.13800266520577198
0.15476725942897793
0.1423387557647378
0.14474371607679393
0.13245925961896304
0.1100152171760406
0.09867545446543373
0.08288184043408289
0.06836105075541465
0.05397284323347795
0.05160686472215603
0.04111914043753276
0.02464937031267884
0.012475484644637654
0.01796285735520505
0.024060197444575753
0.03299397465652258
0.03658425379061698
0.046252987560197564
0.039200366841930165
0.02906124046540577
0.017913834999910238
0.006298786868121443
0.009835194017477152
0.01349020409757439
0.01655067937169978
0.010859886213348142
0.01186082404750594
0.02015180122354062
0.027387409169391547
0.02722678833748319
0.01956510164686739
0.03481940009261962
0.04871889313657459
0.04622107555718635
0.03875659355006003
0.050255142347725004
0.06963420182555602
0.06167050041093701
0.05898467189292017
0.08022206571497513
0.08480099238386166
0.0790160797569051
0.07839218198065902
0.09001027644078652
0.0952574489878219
0.1074597387480123
0.10921208948692422
0.12173005505450402
0.1398310124589705
0.30996122534015813
0.24315907102986958
0.10799041124913862
0.08737756252787915
0.06715644889805984
0.055120258306566014
0.049258130549736795
0.05980963947905827
0.07571201347887085
0.10428862028203773
0.12094033909618154
0.1309382383592276
0.10248743145282554
0.10030430104569349
0.133057747102504
0.13316353933568942
0.1356753237653236
0.13245027505813797
0.15588165009156602
0.15367778910192384
0.13149844117076293
0.10993205683453908
0.08808051695884274
0.07835338895100728
0.0789079257651035
0.0786140125377698
0.07816906265936595
0.053690350462823874
0.05485990065965702
0.07285463904912302
0.06167170154464768
0.04686588335615949
0.060103187251489325
0.07554999351301456
0.060728086834157695
0.06450018385408933
0.08529297661329606
0.08808619794064432
0.08339868291023032
0.09859579887225543
0.07757048793815126
0.0817759235003846
0.10455931862297739
0.09918444430849764
0.08052420267585818
0.08188478072139385
0.0818212175389771
0.0844411635119602
0.10446658623550219
0.09455460035755292
0.12076396369262876
0.12854017621376934
0.1107618364536916
0.13238020509957343
0.139960148464153
0.12448354019574853
0.09427311555537887
0.09869339281182525
0.11092541195169278
0.08211737072929869
0.0858665692341136
0.10891936918710445
0.13411258325421674
0.1523740274654686
0.1778743495443762
0.15661364698767616
0.1529181076799447
0.1860949722996966
0.19368354434940485
0.17307416889470265
0.18928034671074837
0.2232155892960153
0.21376795664092219
0.23078453617037392
0.2367828894071448
0.27356410586985425
0.27280355873224305
0.24794827836520286
0.2766673417600352
0.2852295516057343
0.25126934755958646
0.24512601266102144
0.2451096256031371
0.2194425258614508
0.20319425603058563
0.2020168514091603
0.19053464316225716
0.16789378155419948
0.16267362817874625
0.1639608695056444
0.17797681124805997
0.15990594048392892
0.13471089355479549
0.13065125339657693
0.1518455740653865
0.1749070000675603
0.17419729231116804
0.19512059663992612
0.17630859953991046
0.14956241933143558
0.15612043891140742
0.14896128113675627
0.11628523502677716
0.10543803425088338
0.10983976205937854
0.09491352382834961
0.06884418905542296
0.06451044305978974
0.07199544190011148
0.04891916566827956
0.031695637191661116
0.041175229837725265
0.051187592878806455
0.033087107300452605
0.02909497207764581
0.0345560298293615
0.04446077449034234
0.04494424289477519
0.04434205586973952
0.04976884635168076
0.06387757523516939
0.06597060388733766
0.06625503029473184
0.07539014133259449
0.061095528400636576
0.04363624886448502
0.03259247549546639
0.034129489630954794
0.033713885221727156
0.05314639261717578
0.037816802727143634
0.03486605095842721
0.05043804882380852
0.06707156744854471
0.0857670801197937
0.09095298377232759
0.10207541320769489
0.10967201925496861
0.13553616077658232
0.1319694860596966
0.12072443677898897
0.10946969508281243
0.09753742416239948
0.09003613385227936
0.0890284331319264
0.10324170631319046
0.09042471847689533
0.06671252382008218
0.052062538722749685
0.04450956031121888
0.05571416007267884
0.04952467675556249
0.03825282122365233
0.04116567467970229
0.04696443737912461
0.03784538913378592
0.041663818729354346
0.053090785138695695
0.043112761692858936
0.0506832693656817
0.07433140083428853
0.09397077103132091
0.10643685266310789
0.09028986775074244
0.10336895482230875
0.09017265055722935
0.10440410764660571
0.09164329568129741
0.0954137437329002
0.08315762168975492
0.10105746079005731
0.10192695517046056
0.1142568239590754
0.09455139714210856
0.10279248830252423
0.08928738979011017
0.07627934950897854
0.10657957168903859
0.11327323439338251
0.09371698369997986
0.09669213061675695
0.1289870333124628
0.13509104023212407
0.12008017436436826
0.13611871493494912
0.10788762795847139
0.10447749386550668
0.12526683516202167
0.11809323433565255
0.1356535279854165
0.13061689212047572
0.1417844932745439
0.13786951852524326
0.149008505077398
0.1703087581910915
0.18763583577657028
0.17111368091071022
0.14698891045831536
0.1314990487203006
0.13277260010679356
0.15674659973141628
0.1532044915306005
0.16220860343720434
0.19188331824276175
0.21918918567306078
0.22663100773397038
0.19345641750727569
0.19358051352908884
0.173418399303862
0.17907120445972083
0.1744843131092189
0.16008001556216125
0.15600720567110885
0.1869972588456907
0.19916150471397168
0.16664827638445304
0.15747039987524128
0.17096135243579466
0.17270166023928907
0.18499293529139085
0.1862761914971017
0.18678168551039895
0.19141963055737368
0.173920504738955
0.16681677251373214
0.17387467464661846
0.18132554368249476
0.17092938483034784
0.21060756376997014
0.21957620042677037
0.18491933591352627
0.19716611157921873
0.23431640827435135
0.21770536273149277
0.1887178884722967
0.20893562484523823
0.23933955763085943
0.2165575028923732
0.1861914236522993
0.2143180870618143
0.228105898304155
0.19221689762157315
0.18409508046251374
0.22035262462039779
0.21458163747279707
0.17455154251676572
0.17035824687525458
0.13019566020736015
0.10767259194599235
0.0820481084520206
0.08078676847278327
0.061446880075765896
0.06900764001359438
0.05868579368409419
0.06004547787769856
0.055906766930248035
0.04977326928121366
0.06562227742996168
0.09211790524226474
0.08349398035316108
0.09914749964143672
0.08279991029249363
0.06834221488646178
0.07582377325971364
0.08793646900898708
0.09694446542219956
0.11514501952952734
0.12662727461880344
0.13735079972580405
0.12390449198368517
0.1140202319764237
0.0913870071854928
0.12391739777797504
0.13999886260200436
0.10533570006274419
0.10732200127903756
0.13992892633988727
0.13184945591539848
0.10382216791167613
0.13115156108716025
0.15699299192201127
0.1331397545787649
0.1215971269214094
0.15899306806572558
0.15502195190218648
0.1370001320793988
0.11128704394250608
0.07888511162288543
0.06704075833529154
0.04678927600749393
0.04543623867238014
0.03648548596575818
0.037370215527064786
0.038938364619890635
0.048738167493186296
0.044812550660313505
0.05004936827584679
0.05414640484746345
0.04281024086443488
0.041922281057262985
0.048591973627101624
0.038516988205301236
0.03750379846117205
0.042638857459817915
0.05625727296165974
0.03999729161790319
0.05476497292247696
0.06833520654625064
0.07111651890569066
0.060610271505205086
0.0812460209628633
0.09501287386675444
0.08552222772071914
0.09263140269362266
0.12225268318507738
0.12148236460174544
0.12483953164834516
0.10625690312253318
0.1123599083707508
0.09797954453907746
0.0889766732264302
0.07221310559069283
0.08370105325968331
0.08648987227598579
0.0931985974232953
0.10218839873033644
0.0798496302066903
0.07504994517039061
0.07486736474988259
0.05929638044966021
0.05253914725796296
0.05356881809157859
0.052906489069057275
0.06623918668308577
0.06120675090845701
0.07473555899709215
0.06960620467062216
0.08848436816461816
0.08917591598090802
0.11729702387624612
0.13260264075789008
0.13381769450897316
0.1592129570523775
0.16561482984010623
0.20216400417806155
0.20772444661015396
0.22385879692134306
0.23267678702565212
0.27152521016823933
0.28925197497361155
0.31203240553583006
0.27959041111741806
0.26025680226005377
0.29236894521228995
0.2972176011062676
0.2595707817906191
0.26148290447550626
0.2944378812711154
0.2759944945766127
0.24466452919527643
0.26708224823211896
0.2848775891773272
0.2486699400555283
0.2344902256704802
0.2694901325038985
0.2589943578859481
0.22899133246806846
0.23827789348230272
0.25876422337344845
0.2603824416985074
0.21850958843750826
0.3507732783059308
0.5376660501468928
0.7333648375641352
0.8721779831413252
